a <- 2+2

c <- a^2